image: costmap.pgm
resolution: 0.05
origin: [-1.9774769306182862, -23.605638122558595, 0.0]
occupied_thresh: 0.65
free_thresh: 0.196
negate: 0
