image: my_map_new_3d.pgm
resolution: 0.030000
origin: [-3.235967, -25.080000, 0.000000]
negate: 0
occupied_thresh: 0.65
free_thresh: 0.196

